10
0.000000 71.800003 49.000000 8.200000 48.599998 8.000000 35.599998 8.800000 97.800003 18.400000 71.800003 0.000000 46.000000 66.400002 28.200001 87.000000 39.799999 97.800003 19.000000 68.599998 49.000000 46.000000 0.000000 56.599998 63.400002 92.599998 62.599998 47.000000 49.000000 84.400002 8.200000 66.400002 56.599998 0.000000 71.000000 3.400000 62.599998 42.799999 90.599998 81.000000 48.599998 28.200001 63.400002 71.000000 0.000000 95.199997 28.600000 68.800003 92.800003 1.600000 8.000000 87.000000 92.599998 3.400000 95.199997 0.000000 0.800000 23.600000 14.600000 83.400002 35.599998 39.799999 62.599998 62.599998 28.600000 0.800000 0.000000 23.799999 13.200000 52.200001 8.800000 97.800003 47.000000 42.799999 68.800003 23.600000 23.799999 0.000000 51.799999 34.400002 97.800003 19.000000 49.000000 90.599998 92.800003 14.600000 13.200000 51.799999 0.000000 10.800000 18.400000 68.599998 84.400002 81.000000 1.600000 83.400002 52.200001 34.400002 10.800000 0.000000 