10
0.000000 83.800003 80.400002 77.599998 35.400002 48.200001 5.000000 36.000000 46.400002 43.799999 83.800003 0.000000 14.600000 20.200001 84.000000 72.000000 24.200001 34.599998 85.599998 29.600000 80.400002 14.600000 0.000000 85.400002 26.799999 3.400000 99.599998 73.599998 15.600000 38.400002 77.599998 20.200001 85.400002 0.000000 47.799999 76.800003 61.000000 33.400002 20.400000 13.800000 35.400002 84.000000 26.799999 47.799999 0.000000 28.400000 39.799999 52.799999 62.599998 90.599998 48.200001 72.000000 3.400000 76.800003 28.400000 0.000000 2.800000 57.000000 14.400000 48.599998 5.000000 24.200001 99.599998 61.000000 39.799999 2.800000 0.000000 52.000000 97.000000 16.799999 36.000000 34.599998 73.599998 33.400002 52.799999 57.000000 52.000000 0.000000 34.799999 9.600000 46.400002 85.599998 15.600000 20.400000 62.599998 14.400000 97.000000 34.799999 0.000000 57.599998 43.799999 29.600000 38.400002 13.800000 90.599998 48.599998 16.799999 9.600000 57.599998 0.000000 