10
0.000000 46.400002 37.799999 75.199997 92.599998 16.200001 79.800003 34.200001 36.400002 16.799999 46.400002 0.000000 92.800003 51.200001 96.400002 97.199997 63.200001 58.000000 42.799999 11.800000 37.799999 92.800003 0.000000 27.200001 49.799999 25.799999 29.799999 52.599998 1.200000 93.800003 75.199997 51.200001 27.200001 0.000000 97.400002 52.599998 7.000000 54.400002 62.200001 17.000000 92.599998 96.400002 49.799999 97.400002 0.000000 99.199997 0.600000 55.400002 65.800003 18.799999 16.200001 97.199997 25.799999 52.599998 99.199997 0.000000 97.800003 1.200000 70.800003 94.400002 79.800003 63.200001 29.799999 7.000000 0.600000 97.800003 0.000000 44.799999 72.000000 14.800000 34.200001 58.000000 52.599998 54.400002 55.400002 1.200000 44.799999 0.000000 38.200001 95.400002 36.400002 42.799999 1.200000 62.200001 65.800003 70.800003 72.000000 38.200001 0.000000 8.400000 16.799999 11.800000 93.800003 17.000000 18.799999 94.400002 14.800000 95.400002 8.400000 0.000000 